0.0 9.968659E-6
210.0 1.0213941E-5
410.0 1.0714922E-5
617.0 1.1184564E-5
824.0 1.1538682E-5
1030.0 1.0269112E-5
1237.0 8.039797E-6
1445.0 4.596462E-6
1653.0 5.322427E-6
1860.0 6.9209773E-6
2066.0 8.079348E-6
2274.0 9.142628E-6
2482.0 9.324013E-6
2689.0 9.725125E-6
2897.0 9.471152E-6
3103.0 9.938242E-6
3311.0 1.0007681E-5
3518.0 9.8596065E-6
3727.0 9.326823E-6
3933.0 8.6887E-6
4140.0 8.076539E-6
4347.0 5.4618345E-6
4553.0 6.6999146E-6
4762.0 8.9176965E-6
4970.0 1.0019024E-5
5175.0 1.0617731E-5
5383.0 1.0506833E-5
5591.0 1.0291967E-5
5798.0 9.992879E-6
6005.0 1.0406501E-5
6211.0 1.0894188E-5
6419.0 1.1253987E-5
6627.0 1.1494839E-5
6835.0 9.785931E-6
7041.0 7.1941577E-6
7247.0 3.7644224E-6
7455.0 5.966869E-6
7662.0 7.088251E-6
7867.0 8.456812E-6
8075.0 9.2207365E-6
8282.0 9.324163E-6
8489.0 9.570105E-6
8696.0 9.543985E-6
8904.0 9.90723E-6
9112.0 1.0013065E-5
9320.0 9.742287E-6
9526.0 9.179364E-6
9733.0 8.549258E-6
10459.0 8.305511E-6
10664.0 6.653842E-6
10871.0 5.876877E-6
11078.0 8.280882E-6
11284.0 9.750368E-6
11493.0 1.0418752E-5
11697.0 1.0598695E-5
11906.0 1.0417626E-5
12113.0 9.992304E-6
12320.0 1.0050915E-5
12526.0 1.0658652E-5
12733.0 1.1135348E-5
12941.0 1.1513946E-5
13149.0 1.0685848E-5
13356.0 8.7577255E-6
13563.0 5.3056197E-6
13771.0 4.766115E-6
13975.0 6.7641668E-6
14182.0 7.688594E-6
14390.0 9.025944E-6
14597.0 9.290541E-6
14803.0 9.341922E-6
15012.0 9.686701E-6
15219.0 9.713782E-6
15425.0 1.0004751E-5
15633.0 9.918982E-6
15842.0 9.480883E-6
16048.0 8.797857E-6
16255.0 8.2715305E-6
16463.0 6.3750144E-6
16669.0 6.125231E-6
16878.0 8.370053E-6
17087.0 9.774025E-6
17293.0 1.05099125E-5
17501.0 1.0549196E-5
17894.0 1.0529645E-5
18098.0 1.0188458E-5
18306.0 9.897365E-6
18516.0 1.05621E-5
18723.0 1.08622025E-5
18930.0 1.1270514E-5
19138.0 1.1234767E-5
19343.0 9.530307E-6
19554.0 6.656571E-6
19762.0 3.6633257E-6
19967.0 6.268937E-6
20175.0 7.2426105E-6
20382.0 8.684047E-6
20588.0 9.231402E-6
20797.0 9.363239E-6
21005.0 9.45037E-6
21210.0 9.754259E-6
21418.0 1.0003276E-5
21626.0 9.904753E-6
21832.0 9.725389E-6
22039.0 9.173065E-6
22247.0 8.5569845E-6
22452.0 7.637466E-6
22660.0 4.226085E-6
22868.0 7.4647674E-6
23074.0 9.216091E-6
23280.0 1.0269456E-5
23488.0 1.0678169E-5
23693.0 1.0499956E-5
23901.0 1.01493415E-5
24108.0 1.0003262E-5
24313.0 1.0648781E-5
24520.0 1.1034376E-5
24728.0 1.13564365E-5
24934.0 1.1084869E-5
25142.0 9.086615E-6
25350.0 5.950067E-6
25557.0 4.2530205E-6
25765.0 6.5759596E-6
25973.0 7.4607005E-6
26180.0 8.744405E-6
26388.0 9.2489545E-6
26595.0 9.338311E-6
26802.0 9.60695E-6
27010.0 9.610969E-6
27219.0 9.977774E-6
27425.0 9.9719055E-6
27634.0 9.645021E-6
27842.0 9.050722E-6
28049.0 8.445512E-6
28258.0 7.3028723E-6
28466.0 5.1023308E-6
28672.0 7.803511E-6
28879.0 9.443328E-6
29088.0 1.0376237E-5
29293.0 1.06686275E-5
29502.0 1.0449201E-5
29710.0 1.0123706E-5
29917.0 1.0124193E-5
30125.0 1.0631863E-5
