0.0 9.968659E-6
45.0 1.0003603E-5
85.0 1.0024531E-5
125.0 1.0213941E-5
166.0 1.0406501E-5
207.0 1.0503553E-5
263.0 1.06486395E-5
303.0 1.07198985E-5
343.0 1.08942095E-5
386.0 1.1026717E-5
427.0 1.106412E-5
468.0 1.1184564E-5
509.0 1.1254203E-5
550.0 1.1348595E-5
591.0 1.1430507E-5
632.0 1.1530135E-5
672.0 1.1490323E-5
713.0 1.1245784E-5
754.0 1.1078107E-5
796.0 1.0593165E-5
836.0 1.00455E-5
876.0 9.630689E-6
931.0 9.072797E-6
973.0 8.591131E-6
1015.0 7.795415E-6
1057.0 6.929233E-6
1100.0 6.181011E-6
1141.0 5.3061112E-6
1182.0 4.596462E-6
1225.0 3.7712787E-6
1267.0 3.8740195E-6
1309.0 4.4972962E-6
1350.0 5.1690804E-6
1390.0 5.7593325E-6
1432.0 6.2729737E-6
1474.0 6.58461E-6
1516.0 6.763226E-6
1558.0 6.975825E-6
1598.0 7.223472E-6
1640.0 7.378771E-6
1681.0 7.684537E-6
1722.0 8.079348E-6
1764.0 8.4459625E-6
1804.0 8.732724E-6
1846.0 8.955109E-6
1887.0 9.119062E-6
1929.0 9.23712E-6
1971.0 9.237319E-6
2011.0 9.26314E-6
2053.0 9.2991495E-6
2094.0 9.329176E-6
2136.0 9.366464E-6
2177.0 9.363982E-6
2217.0 9.341177E-6
2259.0 9.725125E-6
2300.0 9.570638E-6
2342.0 9.614232E-6
2384.0 9.612801E-6
2424.0 9.46688E-6
2464.0 9.560453E-6
2506.0 9.5026335E-6
2547.0 9.585782E-6
2587.0 9.692189E-6
2642.0 9.861286E-6
2683.0 9.8547725E-6
2723.0 9.84066E-6
2763.0 1.0015114E-5
2805.0 1.0021373E-5
2862.0 9.9366825E-6
2903.0 9.858129E-6
2944.0 9.8266455E-6
2985.0 9.78107E-6
3026.0 9.72488E-6
3081.0 9.53141E-6
3122.0 9.4789775E-6
3164.0 9.316421E-6
3205.0 9.179729E-6
3245.0 9.076501E-6
3286.0 8.805824E-6
3328.0 8.6887E-6
3370.0 8.551585E-6
4377.0 8.577895E-6
4418.0 8.446029E-6
4459.0 8.273987E-6
4501.0 8.076539E-6
4541.0 7.713794E-6
4582.0 7.3151105E-6
4623.0 6.6536923E-6
4665.0 5.7843813E-6
4706.0 4.595922E-6
4748.0 4.891615E-6
4790.0 5.625736E-6
4832.0 6.303952E-6
4888.0 7.1066574E-6
4931.0 7.66891E-6
4972.0 8.105105E-6
5013.0 8.556171E-6
5069.0 9.113518E-6
5111.0 9.357271E-6
5152.0 9.64524E-6
5194.0 9.896956E-6
5249.0 1.012637E-5
5289.0 1.0356046E-5
5329.0 1.0419178E-5
5385.0 1.0567983E-5
5425.0 1.0650309E-5
5465.0 1.0618981E-5
5506.0 1.0599015E-5
5563.0 1.04791225E-5
5618.0 1.0525168E-5
5659.0 1.0456698E-5
5716.0 1.0285722E-5
5757.0 1.0291967E-5
5797.0 1.0147736E-5
5838.0 1.0123598E-5
5879.0 1.0047768E-5
5920.0 9.959665E-6
5960.0 1.0211837E-5
6001.0 1.0064385E-5
6042.0 1.0050915E-5
6082.0 1.0323327E-5
6123.0 1.05639365E-5
6164.0 1.0648504E-5
6204.0 1.06486395E-5
6245.0 1.0719856E-5
6286.0 1.0894188E-5
6326.0 1.1026482E-5
6369.0 1.1063778E-5
6410.0 1.11820855E-5
6450.0 1.1253987E-5
6491.0 1.13473125E-5
6532.0 1.143014E-5
6572.0 1.1530029E-5
6613.0 1.1507274E-5
6654.0 1.124036E-5
6710.0 1.0859656E-5
6750.0 1.0359332E-5
6790.0 9.827324E-6
6846.0 9.3456365E-6
6888.0 8.953356E-6
6943.0 8.036935E-6
6983.0 7.1941577E-6
7024.0 6.449721E-6
7067.0 5.577126E-6
7107.0 4.904857E-6
7149.0 4.0383243E-6
7190.0 3.6688791E-6
7245.0 4.496463E-6
7287.0 5.1730535E-6
7328.0 5.7693283E-6
7383.0 6.359794E-6
7424.0 6.624634E-6
7465.0 6.859062E-6
7506.0 7.057348E-6
7562.0 7.3237516E-6
7603.0 7.6273386E-6
7643.0 7.917193E-6
7685.0 8.3048235E-6
7727.0 8.637655E-6
7768.0 8.899086E-6
7809.0 9.068446E-6
7849.0 9.200444E-6
7890.0 9.201513E-6
7930.0 9.266789E-6
7970.0 9.288526E-6
8011.0 9.31797E-6
8052.0 9.324163E-6
8108.0 9.366632E-6
8150.0 9.340834E-6
8191.0 9.722519E-6
8246.0 9.6291615E-6
8287.0 9.704192E-6
8329.0 9.68559E-6
8369.0 9.471687E-6
8410.0 9.543985E-6
8451.0 9.606013E-6
8491.0 9.6836475E-6
8533.0 9.769593E-6
8573.0 9.862312E-6
8613.0 9.845653E-6
8654.0 9.843072E-6
8695.0 1.0012979E-5
8751.0 9.93049E-6
8793.0 9.939182E-6
8833.0 9.855374E-6
8873.0 9.829016E-6
8913.0 9.78361E-6
8953.0 9.727205E-6
9010.0 9.535105E-6
9051.0 9.479982E-6
9091.0 9.314199E-6
9147.0 9.114817E-6
9187.0 8.964049E-6
9229.0 8.7506805E-6
9269.0 8.621741E-6
9310.0 8.5667025E-6
9351.0 8.45265E-6
9406.0 8.210257E-6
9446.0 7.923658E-6
9488.0 7.627E-6
9529.0 7.1567642E-6
9584.0 6.1048577E-6
9624.0 4.982381E-6
9665.0 4.2197835E-6
9706.0 5.4062575E-6
9760.0 6.3068783E-6
9801.0 6.8849145E-6
9842.0 7.4561385E-6
9884.0 7.99225E-6
9925.0 8.367619E-6
9966.0 8.9192135E-6
10007.0 9.138661E-6
