0.0 18.897308
219.0 19.830647
443.0 20.23517
654.0 25.670141
874.0 28.656124
1093.0 26.724562
1315.0 29.679674
1534.0 29.03655
1741.0 29.189484
1958.0 27.518702
2181.0 24.482101
2399.0 22.022858
2610.0 23.442053
2833.0 23.655651
3038.0 20.97157
3254.0 24.416328
3473.0 38.517815
3696.0 36.371277
3916.0 37.85624
4137.0 43.517563
4365.0 34.478577
4580.0 28.953054
4796.0 28.78663
5014.0 29.662329
5238.0 22.025642
5455.0 19.952665
5680.0 19.259785
5903.0 21.082052
6109.0 25.318544
6327.0 21.244848
6545.0 19.389524
6760.0 25.254557
6987.0 26.48254
7203.0 27.428947
7421.0 30.440228
7638.0 36.087906
7856.0 40.024612
8078.0 39.554966
8300.0 32.957077
8514.0 24.616137
8739.0 29.70358
8961.0 38.785187
9184.0 48.610348
9398.0 38.193615
9614.0 37.107468
9839.0 36.351944
10065.0 30.361227
